Agent ID: ,0
Spawned At: ,(19.9, 39.5, 85.3)
ValueAdd Affinity: ,50
Pillar Affinity: ,50
Window Affinity: ,50
Daylighting Affinity: ,50
Node Path: ,32 , 40
,32 , 41
,32 , 42
,32 , 43
,32 , 44
,32 , 45
,32 , 46
,32 , 47
,32 , 48
,32 , 49
,32 , 50
,32 , 51
,32 , 52
,32 , 53
,32 , 54
,32 , 55
,32 , 56
,32 , 57
,32 , 58
,32 , 59
,32 , 60
,32 , 61
,32 , 62
,32 , 63
,32 , 64
,32 , 65
,32 , 66
,32 , 67
,32 , 68
,32 , 69
,32 , 70
,32 , 71
,32 , 72
,32 , 73
,32 , 74
,32 , 75
,32 , 76
,32 , 77
,32 , 78
,32 , 79
,32 , 80
,32 , 81
,32 , 82
,32 , 83
,32 , 84
,31 , 85
,30 , 85
,29 , 85
,28 , 85
,27 , 85
,26 , 85
,25 , 85
,24 , 85
,23 , 85
,22 , 85
,21 , 85
Agent ID: ,1
Spawned At: ,(19.9, 39.5, 85.3)
ValueAdd Affinity: ,50
Pillar Affinity: ,50
Window Affinity: ,50
Daylighting Affinity: ,50
Node Path: ,32 , 40
,32 , 41
,32 , 42
,32 , 43
,32 , 44
,32 , 45
,32 , 46
,32 , 47
,32 , 48
,32 , 49
,32 , 50
,32 , 51
,32 , 52
,32 , 53
,32 , 54
,32 , 55
,32 , 56
,32 , 57
,32 , 58
,32 , 59
,32 , 60
,32 , 61
,32 , 62
,32 , 63
,32 , 64
,32 , 65
,32 , 66
,32 , 67
,32 , 68
,32 , 69
,32 , 70
,32 , 71
,32 , 72
,32 , 73
,32 , 74
,32 , 75
,32 , 76
,32 , 77
,32 , 78
,32 , 79
,32 , 80
,32 , 81
,32 , 82
,32 , 83
,32 , 84
,31 , 85
,30 , 85
,29 , 85
,28 , 85
,27 , 85
,26 , 85
,25 , 85
,24 , 85
,23 , 85
,22 , 85
,21 , 85
